2030.00
2240.00
2450.00
2660.00
2870.00
3080.00
3290.00
3500.00
3710.00
3920.00
4130.00
4340.00
4550.00
4760.00
4970.00
5180.00
5390.00
5600.00
5810.00
6020.00
6230.00
6440.00
6650.00
6860.00
7070.00
7280.00
7490.00
7700.00
7910.00
8120.00
8330.00
8540.00
8750.00
8960.00
9170.00
9380.00
9590.00
9800.00
10010.00
10220.00
10430.00
10640.00
10850.00
11060.00
11270.00
11480.00
11690.00
11900.00
12110.00
12320.00
12530.00
12740.00
12950.00
13160.00
13370.00
13580.00
13790.00
14000.00
14210.00
14420.00
14630.00
14840.00
