3045.00
3360.00
3675.00
3990.00
4305.00
4620.00
4935.00
5250.00
5565.00
5880.00
6195.00
6510.00
6825.00
7140.00
7455.00
7770.00
8085.00
8400.00
8715.00
9030.00
9345.00
9660.00
9975.00
10290.00
10605.00
10920.00
11235.00
11550.00
11865.00
12180.00
12495.00
12810.00
13125.00
13440.00
13755.00
14070.00
14385.00
14700.00
15015.00
15330.00
15645.00
15960.00
16275.00
16590.00
16905.00
17220.00
17535.00
17850.00
18165.00
18480.00
18795.00
19110.00
19425.00
19740.00
20055.00
20370.00
20685.00
21000.00
21315.00
21630.00
21945.00
22260.00
