4060.00
4480.00
4900.00
5320.00
5740.00
6160.00
6580.00
7000.00
7420.00
7840.00
8260.00
8680.00
9100.00
9520.00
9940.00
10360.00
10780.00
11200.00
11620.00
12040.00
12460.00
12880.00
13300.00
13720.00
14140.00
14560.00
14980.00
15400.00
15820.00
16240.00
16660.00
17080.00
17500.00
17920.00
18340.00
18760.00
19180.00
19600.00
20020.00
20440.00
20860.00
21280.00
21700.00
22120.00
22540.00
22960.00
23380.00
23800.00
24220.00
24640.00
25060.00
25480.00
25900.00
26320.00
26740.00
27160.00
27580.00
28000.00
28420.00
28840.00
29260.00
29680.00
