5075.00
5600.00
6125.00
6650.00
7175.00
7700.00
8225.00
8750.00
9275.00
9800.00
10325.00
10850.00
11375.00
11900.00
12425.00
12950.00
13475.00
14000.00
14525.00
15050.00
15575.00
16100.00
16625.00
17150.00
17675.00
18200.00
18725.00
19250.00
19775.00
20300.00
20825.00
21350.00
21875.00
22400.00
22925.00
23450.00
23975.00
24500.00
25025.00
25550.00
26075.00
26600.00
27125.00
27650.00
28175.00
28700.00
29225.00
29750.00
30275.00
30800.00
31325.00
31850.00
32375.00
32900.00
33425.00
33950.00
34475.00
35000.00
35525.00
36050.00
36575.00
37100.00
