6090.00
6720.00
7350.00
7980.00
8610.00
9240.00
9870.00
10500.00
11130.00
11760.00
12390.00
13020.00
13650.00
14280.00
14910.00
15540.00
16170.00
16800.00
17430.00
18060.00
18690.00
19320.00
19950.00
20580.00
21210.00
21840.00
22470.00
23100.00
23730.00
24360.00
24990.00
25620.00
26250.00
26880.00
27510.00
28140.00
28770.00
29400.00
30030.00
30660.00
31290.00
31920.00
32550.00
33180.00
33810.00
34440.00
35070.00
35700.00
36330.00
36960.00
37590.00
38220.00
38850.00
39480.00
40110.00
40740.00
41370.00
42000.00
42630.00
43260.00
43890.00
44520.00
